Specified calling level	2019 Salary Rates	2020-02-01	2021-02-01
LEVEL 1
1st year	68,793	69,793	70,793
2nd year	72,310	73,310	74,310
3rd year	76,212	77,212	78,212
4th year	81,091	82,091	83,091
5th year	88,652	89,652	90,652
6th year	93,575	94,575	95,575
LEVEL 2
2.1	95,834	96,834	97,834
2.2	98,998	99,998	100,998
2.3	102,288	103,288	104,288
2.4	105,704	106,704	107,704
LEVEL 3
3.1	111,193	112,193	113,193
3.2	114,926	115,926	116,926
3.3	118,789	119,789	120,789
3.4	122,913	123,913	124,913
LEVEL4
4.1	126,927	127,927	128,927
4.2	131,221	132,221	133,221
4.3	135,897	136,897	137,897
LEVEL 5
5.1	143,492	144,492	145,492
5.2	148,936	149,936	150,936
5.3	155,683	156,683	157,683
LEVEL 6
6.1	164,112	165,112	166,112
6.2	169,806	170,806	171,806
6.3	176,299	177,299	178,299
LEVEL 7	186,121	187,121	188,121
LEVEL 8	195,944	196,944	197,944
LEVEL 9	205,757	206,757	207,757